-0.0945716	        0.1185414	        -0.0618736
-0.0945716	        0.1355668	        -0.0618736
-0.07729313333333333	0.0674652	        -0.0618736
-0.06001466666666667	0.05043979999999999	-0.0618736
-0.06001466666666667	0.16961759999999998	-0.0618736
-0.0427362	        0.0334144	        -0.0618736
-0.0427362	        0.1355668	        -0.0618736
-0.02545773333333333	0.186643	        -0.0618736
-0.008179266666666657	0.1355668	        -0.0618736
-0.008179266666666657	0.16961759999999998	-0.0618736
0.009099200000000002	0.0334144	        -0.0618736
0.009099200000000002	0.1355668	        -0.0618736
0.02637766666666666	0.0334144	        -0.0618736
0.04365613333333335	0.101516	        -0.0618736
-0.0487229              0.168892                 0.0352521
-0.0396074              0.132661                 0.0496655
-0.0213763              0.176544                 0.0238575
0.0512471               0.0609051                0.0369872